  0.000000000000000E+000
  1.171875000000000E-002
  2.343750000000000E-002
  3.515625000000000E-002
  4.687500000000000E-002
  5.859375000000000E-002
  7.031250000000000E-002
  8.203125000000000E-002
  9.375000000000000E-002
  0.105468750000000     
  0.117187500000000     
  0.128906250000000     
  0.140625000000000     
  0.152343750000000     
  0.164062500000000     
  0.175781250000000     
  0.187500000000000     
  0.199218750000000     
  0.210937500000000     
  0.222656250000000     
  0.234375000000000     
  0.246093750000000     
  0.257812500000000     
  0.269531250000000     
  0.281250000000000     
  0.292968750000000     
  0.304687500000000     
  0.316406250000000     
  0.328125000000000     
  0.339843750000000     
  0.351562500000000     
  0.363281250000000     
  0.375000000000000     
  0.386718750000000     
  0.398437500000000     
  0.410156250000000     
  0.421875000000000     
  0.433593750000000     
  0.445312500000000     
  0.457031250000000     
  0.468750000000000     
  0.480468750000000     
  0.492187500000000     
  0.503906250000000     
  0.515625000000000     
  0.527343750000000     
  0.539062500000000     
  0.550781250000000     
  0.562500000000000     
  0.574218750000000     
  0.585937500000000     
  0.597656250000000     
  0.609375000000000     
  0.621093750000000     
  0.632812500000000     
  0.644531250000000     
  0.656250000000000     
  0.667968750000000     
  0.679687500000000     
  0.691406250000000     
  0.703125000000000     
  0.714843750000000     
  0.726562500000000     
  0.738281250000000     
  0.750000000000000     
  0.761718750000000     
  0.773437500000000     
  0.785156250000000     
  0.796875000000000     
  0.808593750000000     
  0.820312500000000     
  0.832031250000000     
  0.843750000000000     
  0.855468750000000     
  0.867187500000000     
  0.878906250000000     
  0.890625000000000     
  0.902343750000000     
  0.914062500000000     
  0.925781250000000     
  0.937500000000000     
  0.949218750000000     
  0.960937500000000     
  0.972656250000000     
  0.984375000000000     
  0.996093750000000     
   1.00781250000000     
   1.01953125000000     
   1.03125000000000     
   1.04296875000000     
   1.05468750000000     
   1.06640625000000     
   1.07812500000000     
   1.08984375000000     
   1.10156250000000     
   1.11328125000000     
   1.12500000000000     
   1.13671875000000     
   1.14843750000000     
   1.16015625000000     
   1.17187500000000     
   1.18359375000000     
   1.19531250000000     
   1.20703125000000     
   1.21875000000000     
   1.23046875000000     
   1.24218750000000     
   1.25390625000000     
   1.26562500000000     
   1.27734375000000     
   1.28906250000000     
   1.30078125000000     
   1.31250000000000     
   1.32421875000000     
   1.33593750000000     
   1.34765625000000     
   1.35937500000000     
   1.37109375000000     
   1.38281250000000     
   1.39453125000000     
   1.40625000000000     
   1.41796875000000     
   1.42968750000000     
   1.44140625000000     
   1.45312500000000     
   1.46484375000000     
   1.47656250000000     
   1.48828125000000     
   1.50000000000000     
   1.51171875000000     
   1.52343750000000     
   1.53515625000000     
   1.54687500000000     
   1.55859375000000     
   1.57031250000000     
   1.58203125000000     
   1.59375000000000     
   1.60546875000000     
   1.61718750000000     
   1.62890625000000     
   1.64062500000000     
   1.65234375000000     
   1.66406250000000     
   1.67578125000000     
   1.68750000000000     
   1.69921875000000     
   1.71093750000000     
   1.72265625000000     
   1.73437500000000     
   1.74609375000000     
   1.75781250000000     
   1.76953125000000     
   1.78125000000000     
   1.79296875000000     
   1.80468750000000     
   1.81640625000000     
   1.82812500000000     
   1.83984375000000     
   1.85156250000000     
   1.86328125000000     
   1.87500000000000     
   1.88671875000000     
   1.89843750000000     
   1.91015625000000     
   1.92187500000000     
   1.93359375000000     
   1.94531250000000     
   1.95703125000000     
   1.96875000000000     
   1.98046875000000     
   1.99218750000000     
   2.00390625000000     
   2.01562500000000     
   2.02734375000000     
   2.03906250000000     
   2.05078125000000     
   2.06250000000000     
   2.07421875000000     
   2.08593750000000     
   2.09765625000000     
   2.10937500000000     
   2.12109375000000     
   2.13281250000000     
   2.14453125000000     
   2.15625000000000     
   2.16796875000000     
   2.17968750000000     
   2.19140625000000     
   2.20312500000000     
   2.21484375000000     
   2.22656250000000     
   2.23828125000000     
   2.25000000000000     
   2.26171875000000     
   2.27343750000000     
   2.28515625000000     
   2.29687500000000     
   2.30859375000000     
   2.32031250000000     
   2.33203125000000     
   2.34375000000000     
   2.35546875000000     
   2.36718750000000     
   2.37890625000000     
   2.39062500000000     
   2.40234375000000     
   2.41406250000000     
   2.42578125000000     
   2.43750000000000     
   2.44921875000000     
   2.46093750000000     
   2.47265625000000     
   2.48437500000000     
   2.49609375000000     
   2.50781250000000     
   2.51953125000000     
   2.53125000000000     
   2.54296875000000     
   2.55468750000000     
   2.56640625000000     
   2.57812500000000     
   2.58984375000000     
   2.60156250000000     
   2.61328125000000     
   2.62500000000000     
   2.63671875000000     
   2.64843750000000     
   2.66015625000000     
   2.67187500000000     
   2.68359375000000     
   2.69531250000000     
   2.70703125000000     
   2.71875000000000     
   2.73046875000000     
   2.74218750000000     
   2.75390625000000     
   2.76562500000000     
   2.77734375000000     
   2.78906250000000     
   2.80078125000000     
   2.81250000000000     
   2.82421875000000     
   2.83593750000000     
   2.84765625000000     
   2.85937500000000     
   2.87109375000000     
   2.88281250000000     
   2.89453125000000     
   2.90625000000000     
   2.91796875000000     
   2.92968750000000     
   2.94140625000000     
   2.95312500000000     
   2.96484375000000     
   2.97656250000000     
   2.98828125000000     
   3.00000000000000     
