  0.000000000000000E+000
  1.505906518978750E-004
  6.022718974137975E-004
  1.354771660654897E-003
  2.407636663901591E-003
  3.760232700645016E-003
  5.411745017609493E-003
  7.361178805529389E-003
  9.607359798384785E-003
  1.214893498073577E-002
  1.498437340272801E-002
  1.811196710228008E-002
  2.152983213389559E-002
  2.523590970348166E-002
  2.922796740848965E-002
  3.350360058263058E-002
  3.806023374435663E-002
  4.289512214823465E-002
  4.800535343827833E-002
  5.338784940224239E-002
  5.903936782582253E-002
  6.495650444564433E-002
  7.113569499986400E-002
  7.757321737514644E-002
  8.426519384872733E-002
  9.120759342420820E-002
  9.839623425967758E-002
  0.105826786186697     
  0.113494773318632     
  0.121395576746758     
  0.129524437322521     
  0.137876458524267     
  0.146446609406726     
  0.155229727631467     
  0.164220522576491     
  0.173413578523112     
  0.182803357918177     
  0.192384204709687     
  0.202150347753783     
  0.212095904291077     
  0.222214883490199     
  0.232501190056451     
  0.242948627903389     
  0.253550903885108     
  0.264301631587001     
  0.275194335172697     
  0.286222453284859     
  0.297379342997505     
  0.308658283817455     
  0.320052481732506     
  0.331555073303890     
  0.343159129800554     
  0.354857661372769     
  0.366643621262551     
  0.378509910048368     
  0.390449379921565     
  0.402454838991936     
  0.414519055619849     
  0.426634762772319     
  0.438794662400392     
  0.450991429835220     
  0.463217718200166     
  0.475466162836291     
  0.487729385738544     
  0.500000000000000     
  0.512270614261456     
  0.524533837163709     
  0.536782281799834     
  0.549008570164780     
  0.561205337599608     
  0.573365237227681     
  0.585480944380151     
  0.597545161008064     
  0.609550620078435     
  0.621490089951632     
  0.633356378737449     
  0.645142338627231     
  0.656840870199446     
  0.668444926696110     
  0.679947518267494     
  0.691341716182545     
  0.702620657002495     
  0.713777546715141     
  0.724805664827303     
  0.735698368412999     
  0.746449096114892     
  0.757051372096611     
  0.767498809943549     
  0.777785116509801     
  0.787904095708923     
  0.797849652246217     
  0.807615795290313     
  0.817196642081823     
  0.826586421476888     
  0.835779477423509     
  0.844770272368534     
  0.853553390593274     
  0.862123541475734     
  0.870475562677480     
  0.878604423253242     
  0.886505226681368     
  0.894173213813303     
  0.901603765740322     
  0.908792406575792     
  0.915734806151273     
  0.922426782624854     
  0.928864305000136     
  0.935043495554356     
  0.940960632174177     
  0.946612150597758     
  0.951994646561722     
  0.957104877851765     
  0.961939766255643     
  0.966496399417369     
  0.970772032591510     
  0.974764090296518     
  0.978470167866104     
  0.981888032897720     
  0.985015626597272     
  0.987851065019264     
  0.990392640201615     
  0.992638821194471     
  0.994588254982391     
  0.996239767299355     
  0.997592363336098     
  0.998645228339345     
  0.999397728102586     
  0.999849409348102     
   1.00000000000000     
